190	7														
120.12	51.252	175.5	17.79	1000000	1000000	1000000	0.3	0.3	0.3	0.3	1000000	1000000	1000000	1	A
118.426	52.829	174.6	18.36	1000000	1000000	1000000	0.3	0.3	0.3	0.3	1000000	1000000	1000000	1	A
121.649	55.691	180.2	17.51	1000000	1000000	1000000	0.3	0.3	0.3	0.3	1000000	1000000	1000000	1	A
116.57	53.562	177.512	18.65	1000000	1000000	1000000	0.3	0.3	0.3	0.3	1000000	1000000	1000000	1	A
117.971	52.31	175.1	18.34	1000000	1000000	1000000	0.3	0.3	0.3	0.3	1000000	1000000	1000000	1	A
120.686	55.401	179.7	17.864	1000000	1000000	1000000	0.3	0.3	0.3	0.3	1000000	1000000	1000000	1	A
117	55.44	179.4	18.1	1000000	1000000	1000000	0.3	0.3	0.3	0.3	1000000	1000000	1000000	1	A
120.686	55.432	179.719	17.86	1000000	1000000	1000000	0.3	0.3	0.3	0.3	1000000	1000000	1000000	1	A
118.414	51.897	174.555	18.24	1000000	1000000	1000000	0.3	0.3	0.3	0.3	1000000	1000000	1000000	1	A
120.6	55.49	179.8	17.9	1000000	1000000	1000000	0.3	0.3	0.3	0.3	1000000	1000000	1000000	2	A
121.305	54.873	178.8	18.372	1000000	1000000	1000000	0.3	0.3	0.3	0.3	1000000	1000000	1000000	1	A
121.6	55.12	181.5	19.15	1000000	1000000	1000000	0.3	0.3	0.3	0.3	1000000	1000000	1000000	1	A
120.2	56.12	180.425	18.19	1000000	1000000	1000000	0.3	0.3	0.3	0.3	1000000	1000000	1000000	1	A
121.6	55.58	180.2	17.57	1000000	1000000	1000000	0.3	0.3	0.3	0.3	1000000	1000000	1000000	1	A
120.824	54.54	180.7	17.963	1000000	1000000	1000000	0.3	0.3	0.3	0.3	1000000	1000000	1000000	1	A
121.305	54.84	181.5	18.372	1000000	1000000	1000000	0.3	0.3	0.3	0.3	1000000	1000000	1000000	1	A
120.116	56.054	180.433	18.18	1000000	1000000	1000000	0.3	0.3	0.3	0.3	1000000	1000000	1000000	1	A
123.316	54.346	180.6	18.224	1000000	1000000	1000000	0.3	0.3	0.3	0.3	1000000	1000000	1000000	1	A
124.509	50.857	175.907	20.86	1000000	1000000	1000000	0.3	0.3	0.3	0.3	1000000	1000000	1000000	1	A
124.684	50.41	176.7	17.93	1000000	1000000	1000000	0.3	0.3	0.3	0.3	1000000	1000000	1000000	1	A
117	53.54	177.7	18.71	1000000	1000000	1000000	0.3	0.3	0.3	0.3	1000000	1000000	1000000	1	A
120.3	53.33	174.9	17.44	1000000	1000000	1000000	0.3	0.3	0.3	0.3	1000000	1000000	1000000	1	A
120.6	51.19	1000000	17.9	1000000	1000000	1000000	0.3	0.3	1000000	0.3	1000000	1000000	1000000	1	A
122.2	55.38	1000000	17.86	1000000	1000000	1000000	0.3	0.3	1000000	0.3	1000000	1000000	1000000	1	A
122.8	54.62	178.5	18.08	1000000	1000000	1000000	0.3	0.3	0.3	0.3	1000000	1000000	1000000	1	A
120.2	53.2	175.24	32.65	26.57	1000000	1000000	0.3	0.3	0.3	0.3	0.3	1000000	1000000	1	R
114.931	56.67	178.914	26.33	1000000	1000000	1000000	0.3	0.3	0.3	0.3	1000000	1000000	1000000	1	C
115	56.9	178.914	45.23	1000000	1000000	1000000	0.3	0.3	0.3	0.3	1000000	1000000	1000000	1	P
119.187	60.048	178.7	32.229	25.69	1000000	1000000	0.3	0.3	0.3	0.3	0.3	1000000	1000000	1	R
120.412	59.167	178.8	33.989	28.71	42.48	1000000	0.3	0.3	0.3	0.3	0.3	0.3	1000000	1	R
120.831	60.872	178.9	30.18	1000000	42.762	1000000	0.3	0.3	0.3	0.3	1000000	0.3	1000000	1	R
120.436	58.689	178.78	33.99	28.35	42.48	1000000	0.3	0.3	0.3	0.3	0.3	0.3	1000000	1	R
121.168	58.37	179.221	34.87	26.77	43.36	1000000	0.3	0.3	0.3	0.3	0.3	0.3	1000000	1	R
120.412	59.167	178.8	33.989	28.71	42.48	1000000	0.3	0.3	0.3	0.3	0.3	0.3	1000000	1	R
122.3	57.95	180	30.31	27.16	42.61	1000000	0.3	0.3	0.3	0.3	0.3	0.3	1000000	1	R
122.8	57.58	177.8	34.65	26.62	42.51	1000000	0.3	0.3	0.3	0.3	0.3	0.3	1000000	1	R
115.8	52.71	175.3	38.7	1000000	1000000	1000000	0.3	0.3	0.3	0.3	1000000	1000000	1000000	1	DN
122.1	51.13	175.6	38.9	177.3	1000000	1000000	0.3	0.3	0.3	0.3	0.3	1000000	1000000	1	DN
118.6	57.92	179.1	40.21	177.1	1000000	1000000	0.3	0.3	0.3	0.3	0.3	1000000	1000000	1	DN
118.6	57.92	1000000	40.21	1000000	1000000	1000000	0.3	0.3	1000000	0.3	1000000	1000000	1000000	1	FY
117.821	57.99	176	39.65	1000000	1000000	1000000	0.3	0.3	0.3	0.3	1000000	1000000	1000000	1	DN
117.683	57.812	175.998	39.65	176.8	1000000	1000000	0.3	0.3	0.3	0.3	0.3	1000000	1000000	1	DN
122.311	58.27	176.8	40.56	178.6	1000000	1000000	0.3	0.3	0.3	0.3	0.3	1000000	1000000	1	DN
118.8	59.6	177.1	42.44	179.1	1000000	1000000	0.3	0.3	0.3	0.3	0.3	1000000	1000000	1	DN
117.4	54.37	171.4	40.11	1000000	1000000	1000000	0.3	0.3	0.3	0.3	1000000	1000000	1000000	1	DN
117.75	58.062	176.588	39.6	1000000	1000000	1000000	0.3	0.3	0.3	0.3	1000000	1000000	1000000	1	DN
121.175	57.454	179.262	39.52	1000000	1000000	1000000	0.3	0.3	0.3	0.3	1000000	1000000	1000000	1	DN
122.425	57.98	176.784	42.11	179.7	1000000	1000000	0.3	0.3	0.3	0.3	0.3	1000000	1000000	1	DN
122.067	51.2	175.6	38.81	177.3	1000000	1000000	0.3	0.3	0.3	0.3	0.3	1000000	1000000	1	DN
115.749	52.64	175.277	38.705	1000000	1000000	1000000	0.3	0.3	0.3	0.3	1000000	1000000	1000000	1	DN
122.9	58.11	177.8	42	179.4	1000000	1000000	0.3	0.3	0.3	0.3	0.3	1000000	1000000	1	DNC
123.4	58.51	177.4	41.74	180	1000000	1000000	0.3	0.3	0.3	0.3	0.3	1000000	1000000	1	DN
120.67	57.069	178.877	27.02	1000000	1000000	1000000	0.3	0.3	0.3	0.3	1000000	1000000	1000000	1	CD
119.829	57.534	178.753	27.17	1000000	1000000	1000000	0.3	0.3	0.3	0.3	1000000	1000000	1000000	1	C
119.7	57.56	178.1	27.03	1000000	1000000	1000000	0.3	0.3	0.3	0.3	1000000	1000000	1000000	1	C
118.2	53.63	1000000	23.75	1000000	1000000	1000000	0.3	0.3	1000000	0.3	1000000	1000000	1000000	1	C
114.055	56.56	177	28.86	34.55	178.9	1000000	0.3	0.3	0.3	0.3	0.3	0.3	1000000	1	QE
117.098	58.98	176.7	28.67	33.96	178.541	1000000	0.3	0.3	0.3	0.3	0.3	0.3	1000000	1	QE
121.1	59.95	177.1	29.24	33.97	180.192	1000000	0.3	0.3	0.3	0.3	0.3	0.3	1000000	1	QE
121.791	59.31	178.1	29.4	36.2	1000000	1000000	0.3	0.3	0.3	0.3	0.3	1000000	1000000	1	QE
121.791	59.31	178.1	29.4	36.2	1000000	1000000	0.3	0.3	0.3	0.3	0.3	1000000	1000000	1	QE
121.812	60.82	177.7	29.42	35.32	1000000	1000000	0.3	0.3	0.3	0.3	0.3	1000000	1000000	1	QE
119.5	59.26	178.6	28.83	36.32	183.7	1000000	0.3	0.3	0.3	0.3	0.3	0.3	1000000	1	QE
122.5	58.06	177.3	30.34	1000000	179.5	1000000	0.3	0.3	0.3	0.3	1000000	0.3	1000000	1	QE
117.225	59.07	178.4	28.2	33.64	176.7	1000000	0.3	0.3	0.3	0.3	0.3	0.3	1000000	1	QE
117.098	58.98	178.5	28.67	33.96	176.7	1000000	0.3	0.3	0.3	0.3	0.3	0.3	1000000	1	QE
119.045	59.29	179.6	29.14	1000000	1000000	1000000	0.3	0.3	0.3	0.3	1000000	1000000	1000000	1	QE
120.176	58.73	179.02	28.86	34.38	1000000	1000000	0.3	0.3	0.3	0.3	0.3	1000000	1000000	1	EQ
121.877	57.68	177.4	27.41	39.46	179	1000000	0.3	0.3	0.3	0.3	0.3	0.3	1000000	1	EQ
116.376	58.97	178.8	28.2	32.33	179.3	1000000	0.3	0.3	0.3	0.3	0.3	0.3	1000000	1	EQ
118.011	58.74	178.7	28.75	1000000	175.5	1000000	0.3	0.3	0.3	0.3	1000000	0.3	1000000	1	EQ
114.9	58.826	178.349	28.36	31.71	179.8	1000000	0.3	0.3	0.3	0.3	0.3	0.3	1000000	1	EQ
115.366	57.55	177.7	29.03	1000000	1000000	1000000	0.3	0.3	0.3	0.3	1000000	1000000	1000000	1	C
121.757	60.729	177.7	29.42	35.32	179.1	1000000	0.3	0.3	0.3	0.3	0.3	0.3	1000000	1	EQ
121.086	58.25	177.5	27.99	34.29	179.5	1000000	0.3	0.3	0.3	0.3	0.3	0.3	1000000	1	EQ
115.8	58.698	178.689	28.25	33.59	1000000	1000000	0.3	0.3	0.3	0.3	0.3	1000000	1000000	1	EQ
115.931	58.739	178.779	28.22	33.56	1000000	1000000	0.3	0.3	0.3	0.3	0.3	1000000	1000000	1	EQ
112.837	57.782	177.621	28.74	35.15	176.5	1000000	0.3	0.3	0.3	0.3	0.3	0.3	1000000	1	EQ
114.055	56.56	177	28.86	34.55	178.9	1000000	0.3	0.3	0.3	0.3	0.3	0.3	1000000	1	EQ
121.384	58.34	177.6	28.47	34.9	180	1000000	0.3	0.3	0.3	0.3	0.3	0.3	1000000	1	EQ
121.7	60.67	177.9	29.42	34.86	179.1	1000000	0.3	0.3	0.3	0.3	0.3	0.3	1000000	1	EQ
121.1	60.56	179.1	30	35	179.2	1000000	0.3	0.3	0.3	0.3	0.3	0.3	1000000	1	EQ
119.47	59.26	179.3	29.84	1000000	1000000	1000000	0.3	0.3	0.3	0.3	1000000	1000000	1000000	1	EQ
121.871	59.412	178.1	29.308	36.2	178.1	1000000	0.3	0.3	0.3	0.3	0.3	0.3	1000000	1	EQ
118.766	60.322	180.4	30.156	32.63	1000000	1000000	0.3	0.3	0.3	0.3	0.3	1000000	1000000	1	EQ
118.02	58.86	179.3	28.87	1000000	175.5	1000000	0.3	0.3	0.3	0.3	1000000	0.3	1000000	1	EQ
121.9	54.81	176	1000000	32.76	1000000	1000000	0.3	0.3	0.3	1000000	0.3	1000000	1000000	1	EQ
113.813	55.31	177	28.98	30.61	178.9	1000000	0.3	0.3	0.3	0.3	0.3	0.3	1000000	1	EQ
119.879	53.36	177.36	29.95	1000000	1000000	1000000	0.3	0.3	0.3	0.3	1000000	1000000	1000000	1	EQ
113.7	54.65	176.2	30.56	1000000	1000000	1000000	0.3	0.3	0.3	0.3	1000000	1000000	1000000	1	EQ
105.546	43.71	171.772	1000000	1000000	1000000	1000000	0.3	0.3	0.3	1000000	1000000	1000000	1000000	1	G
105.263	43.759	171.943	1000000	1000000	1000000	1000000	0.3	0.3	0.3	1000000	1000000	1000000	1000000	1	G
107.709	45.616	170	1000000	1000000	1000000	1000000	0.3	0.3	0.3	1000000	1000000	1000000	1000000	1	G
105.552	43.518	171.8	1000000	1000000	1000000	1000000	0.3	0.3	0.3	1000000	1000000	1000000	1000000	1	G
105.046	43.909	171.943	1000000	1000000	1000000	1000000	0.3	0.3	0.3	1000000	1000000	1000000	1000000	1	G
105.3	43.68	171.8	1000000	1000000	1000000	1000000	0.3	0.3	0.3	1000000	1000000	1000000	1000000	1	GE
110.126	44.7	176.893	1000000	1000000	1000000	1000000	0.3	0.3	0.3	1000000	1000000	1000000	1000000	1	G
106.273	47.371	177.065	1000000	1000000	1000000	1000000	0.3	0.3	0.3	1000000	1000000	1000000	1000000	1	G
110.116	45.16	176.9	1000000	1000000	1000000	1000000	0.3	0.3	0.3	1000000	1000000	1000000	1000000	1	G
121.1	45.48	172.3	1000000	1000000	1000000	1000000	0.3	0.3	0.3	1000000	1000000	1000000	1000000	1	G
106.273	47.371	177.065	1000000	1000000	1000000	1000000	0.3	0.3	0.3	1000000	1000000	1000000	1000000	1	G
121.6	62.3	176.8	30.14	1000000	136.1	1000000	0.3	0.3	0.3	0.3	1000000	0.3	1000000	1	W
118.6	58.45	179.2	28.94	1000000	110.4	1000000	0.3	0.3	0.3	0.3	1000000	0.3	1000000	1	HW
118.809	59.064	179.719	29.47	1000000	1000000	1000000	0.3	0.3	0.3	0.3	1000000	1000000	1000000	1	HW
118.559	59.378	179.156	29.43	1000000	1000000	1000000	0.3	0.3	0.3	0.3	1000000	1000000	1000000	1	HW
118.712	60.707	178.334	29.35	1000000	1000000	1000000	0.3	0.3	0.3	0.3	1000000	1000000	1000000	1	HW
120.7	58.616	178.681	29.13	1000000	114.3	1000000	0.3	0.3	0.3	0.3	1000000	0.3	1000000	1	HW
113.7	55.19	178.9	30	1000000	1000000	1000000	0.3	0.3	0.3	0.3	1000000	1000000	1000000	1	HW
119.703	58.669	178.187	28.33	1000000	1000000	1000000	0.3	0.3	0.3	0.3	1000000	1000000	1000000	1	HW
118.798	59.338	179.077	29.92	1000000	1000000	1000000	0.3	0.3	0.3	0.3	1000000	1000000	1000000	1	HWIL
120.468	59.707	178.34	30.18	1000000	1000000	1000000	0.3	0.3	0.3	0.3	1000000	1000000	1000000	1	HW
121.5	62.48	179.4	30.01	1000000	113.6	1000000	0.3	0.3	0.3	0.3	1000000	0.3	1000000	1	W
121.96	60.764	177.9	1000000	27.36	16.284	1000000	0.3	0.3	0.3	1000000	0.3	0.3	1000000	1	I
121.164	65.878	176.208	37.96	30.36	16.92	1000000	0.3	0.3	0.3	0.3	0.3	0.3	1000000	1	I
117.558	64.281	1000000	38.686	29.36	17.29	1000000	0.3	0.3	1000000	0.3	0.3	0.3	1000000	1	ILW
121.312	65.828	176.275	37.97	30.29	16.94	13.98	0.3	0.3	0.3	0.3	0.3	0.3	0.3	1	I
121.449	66.124	176.2	37.96	30.692	17.56	13.98	0.3	0.3	0.3	0.3	0.3	0.3	0.3	1	I
115.064	62.26	177.9	1000000	1000000	17.388	14.582	0.3	0.3	0.3	1000000	1000000	0.3	0.3	1	I
123.713	58.63	177	42.01	27.096	1000000	1000000	0.3	0.3	0.3	0.3	0.3	1000000	1000000	1	L
118.728	57.423	178.2	40.25	27.69	26.74	22.75	0.3	0.3	0.3	0.3	0.3	0.3	0.3	1	L
118.809	57.624	178.968	39.65	27.4	26	21.42	0.3	0.3	0.3	0.3	0.3	0.3	0.3	1	L
123.816	57.906	1000000	42.01	1000000	26.507	1000000	0.3	0.3	1000000	0.3	1000000	0.3	1000000	1	LW
118.684	57.561	178.154	40.86	27.6	26.12	1000000	0.3	0.3	0.3	0.3	0.3	0.3	1000000	1	L
119.998	58.278	179.23	40.58	27.36	1000000	22.96	0.3	0.3	0.3	0.3	0.3	1000000	0.3	1	L
118.971	58.303	180.5	42.606	28.84	27.6	22.75	0.3	0.3	0.3	0.3	0.3	0.3	0.3	1	L
118.983	58.106	180.461	42.94	1000000	26.3	22.75	0.3	0.3	0.3	0.3	1000000	0.3	0.3	1	L
123.747	57.91	180.145	41.85	26.42	25.55	21.16	0.3	0.3	0.3	0.3	0.3	0.3	0.3	1	L
118.971	58.303	177.9	42.606	27.6	1000000	1000000	0.3	0.3	0.3	0.3	0.3	1000000	1000000	1	L
122.157	57.76	177.79	40.75	27.25	23.36	1000000	0.3	0.3	0.3	0.3	0.3	0.3	1000000	1	L
123.644	57.748	180	1000000	1000000	26.46	23.96	0.3	0.3	0.3	1000000	1000000	0.3	0.3	1	L
122.4	57.992	177.4	41.42	1000000	26.45	23	0.3	0.3	0.3	0.3	1000000	0.3	0.3	1	L
118.847	58.385	179.134	42.6	28.84	25.96	22.34	0.3	0.3	0.3	0.3	0.3	0.3	0.3	1	L
122.707	58.168	179.328	41.95	27.32	23.96	22.35	0.3	0.3	0.3	0.3	0.3	0.3	0.3	1	L
118.881	57.624	179.398	40.83	1000000	25.96	1000000	0.3	0.3	0.3	0.3	1000000	0.3	1000000	1	L
118.847	58.27	179.134	42.6	28.84	27.67	1000000	0.3	0.3	0.3	0.3	0.3	0.3	1000000	1	L
118.971	58.303	179.3	42.606	28.28	27.6	22.4	0.3	0.3	0.3	0.3	0.3	0.3	0.3	1	L
120.2	58.151	178.681	40.58	27.37	1000000	25.96	0.3	0.3	0.3	0.3	0.3	1000000	0.3	1	L
118.755	57.58	178.2	42.6	27.69	26.737	1000000	0.3	0.3	0.3	0.3	0.3	0.3	1000000	1	L
118.906	57.53	178.212	40.83	27.4	26.22	22.75	0.3	0.3	0.3	0.3	0.3	0.3	0.3	1	L
119.185	57.499	178.154	40.72	1000000	26.76	23.36	0.3	0.3	0.3	0.3	1000000	0.3	0.3	1	L
122.549	58.18	177.324	41.92	26.6	23.96	22.21	0.3	0.3	0.3	0.3	0.3	0.3	0.3	1	L
123.816	58.72	1000000	42.01	27.133	1000000	22.75	0.3	0.3	1000000	0.3	0.3	1000000	0.3	1	L
123.691	57.905	180.1	41.853	26.42	25.55	1000000	0.3	0.3	0.3	0.3	0.3	0.3	1000000	1	L
122.763	58.199	179.3	41.952	27.32	1000000	23.14	0.3	0.3	0.3	0.3	0.3	1000000	0.3	1	L
121.5	57.99	179.4	41.91	28.04	26.62	21.26	0.3	0.3	0.3	0.3	0.3	0.3	0.3	1	L
118.6	57.39	178.3	39.7	27.76	26	1000000	0.3	0.3	0.3	0.3	0.3	0.3	1000000	1	L
119.8	57.92	178.3	40.66	27.23	26.54	1000000	0.3	0.3	0.3	0.3	0.3	0.3	1000000	3	L
120.065	59.187	178.969	29.79	23.96	27.42	1000000	0.3	0.3	0.3	0.3	0.3	0.3	1000000	1	K
118.934	60.16	178.7	32.61	25.818	28.59	1000000	0.3	0.3	0.3	0.3	0.3	0.3	1000000	1	KPMS
120.055	59.305	178.1	29.79	23.963	1000000	43.16	0.3	0.3	0.3	0.3	0.3	1000000	0.3	1	K
120.055	59.305	179	29.79	23.963	1000000	43.16	0.3	0.3	0.3	0.3	0.3	1000000	0.3	1	K
119.943	59.306	177.951	29.91	1000000	1000000	1000000	0.3	0.3	0.3	0.3	1000000	1000000	1000000	1	K
118.909	60.247	179.3	32.611	30.16	25.82	43.16	0.3	0.3	0.3	0.3	0.3	0.3	0.3	1	K
118.336	55.13	1000000	33.91	27.6	28.92	1000000	0.3	0.3	1000000	0.3	0.3	0.3	1000000	1	K
119.31	57.53	179.1	1000000	24.22	26.46	40.66	0.3	0.3	0.3	1000000	0.3	0.3	0.3	1	K
119.4	59.51	178.7	31.25	1000000	29.33	40.4	0.3	0.3	0.3	0.3	1000000	0.3	0.3	1	K
118.934	60.066	178.655	32.61	25.82	28.59	40.66	0.3	0.3	0.3	0.3	0.3	0.3	0.3	1	K
109	61.13	177.3	1000000	31.38	19.02	1000000	0.3	0.3	0.3	1000000	0.3	0.3	1000000	1	M
117.2	59.74	177	32.56	30.29	1000000	1000000	0.3	0.3	0.3	0.3	0.3	1000000	1000000	1	M
115.3	57.68	177.9	31.77	1000000	1000000	1000000	0.3	0.3	0.3	0.3	1000000	1000000	1000000	1	M
121.437	57.248	178.905	1000000	1000000	47.34	1000000	0.3	0.3	0.3	1000000	1000000	0.3	1000000	1	P
120.926	58.542	176.634	1000000	27	49.91	1000000	0.3	0.3	0.3	1000000	0.3	0.3	1000000	1	P
121.3	60.011	177.519	1000000	27.73	46.96	1000000	0.3	0.3	0.3	1000000	0.3	0.3	1000000	1	P
121.5	57.57	179.262	1000000	26.65	1000000	1000000	0.3	0.3	0.3	1000000	0.3	1000000	1000000	1	P
116.8	58.25	1000000	62.84	1000000	1000000	1000000	0.3	0.3	1000000	0.3	1000000	1000000	1000000	1	S
114.7	61.56	177.1	62.84	1000000	1000000	1000000	0.3	0.3	0.3	0.3	1000000	1000000	1000000	1	S
116.5	57.11	174.5	64.94	1000000	1000000	1000000	0.3	0.3	0.3	0.3	1000000	1000000	1000000	1	S
116.6	61.88	176	63.27	1000000	1000000	1000000	0.3	0.3	0.3	0.3	1000000	1000000	1000000	1	S
116.6	61.88	177.5	63.27	1000000	1000000	1000000	0.3	0.3	0.3	0.3	1000000	1000000	1000000	1	S
116.8	58.31	1000000	62.49	1000000	1000000	1000000	0.3	0.3	1000000	0.3	1000000	1000000	1000000	1	S
116.9	58.16	1000000	62.78	1000000	1000000	1000000	0.3	0.3	1000000	0.3	1000000	1000000	1000000	1	SR
116.9	58.11	1000000	62.82	1000000	1000000	1000000	0.3	0.3	1000000	0.3	1000000	1000000	1000000	1	S
117	58.11	1000000	62.82	1000000	1000000	1000000	0.3	0.3	1000000	0.3	1000000	1000000	1000000	1	S
117.5	57.84	176.8	62.97	1000000	1000000	1000000	0.3	0.3	0.3	0.3	1000000	1000000	1000000	1	S
117.9	55	178.4	63.34	1000000	1000000	1000000	0.3	0.3	0.3	0.3	1000000	1000000	1000000	1	S
120.7	58.71	178.78	66.63	1000000	1000000	1000000	0.3	0.3	0.3	0.3	1000000	1000000	1000000	1	S
111.6	57.31	1000000	63.79	1000000	1000000	1000000	0.3	0.3	1000000	0.3	1000000	1000000	1000000	1	S
117.6	57.72	176.4	64.43	1000000	1000000	1000000	0.3	0.3	0.3	0.3	1000000	1000000	1000000	1	S
123.1	57.87	179.4	61.53	1000000	1000000	1000000	0.3	0.3	0.3	0.3	1000000	1000000	1000000	1	S
123.9	57.84	180.1	62	1000000	1000000	1000000	0.3	0.3	0.3	0.3	1000000	1000000	1000000	1	SV
109	60.93	174.5	70.45	22.03	1000000	1000000	0.3	0.3	0.3	0.3	0.3	1000000	1000000	1	T
115	1000000	175.8	68.21	22.47	1000000	1000000	0.3	1000000	0.3	0.3	0.3	1000000	1000000	1	T
117.8	54.28	178.43	65.84	1000000	1000000	1000000	0.3	0.3	0.3	0.3	1000000	1000000	1000000	1	SV
109	60.89	174.5	70.52	21.86	1000000	1000000	0.3	0.3	0.3	0.3	0.3	1000000	1000000	1	T
114.952	1000000	1000000	68.14	22.47	1000000	1000000	0.3	1000000	1000000	0.3	0.3	1000000	1000000	1	TS
115.2	61.21	1000000	67.87	22.37	1000000	1000000	0.3	0.3	1000000	0.3	0.3	1000000	1000000	1	TS
114.2	66.58	179.7	68.13	21.87	1000000	1000000	0.3	0.3	0.3	0.3	0.3	1000000	1000000	1	TV
120.9	66.92	177.7	31.85	23.99	22.35	1000000	0.3	0.3	0.3	0.3	0.3	0.3	1000000	1	V
108.9	61.9	178	31.47	21.99	18.94	1000000	0.3	0.3	0.3	0.3	0.3	0.3	1000000	2	V
117.6	66.62	178.9	31.45	24.26	21.92	1000000	0.3	0.3	0.3	0.3	0.3	0.3	1000000	1	V
