270	7														
105.137	51.318	175.463	17.88	1000000	1000000	1000000	0.3	0.3	0.3	0.3	0.3	0.3	0.3	1	A
111.569	52.993	177.61	18.2	1000000	1000000	1000000	0.3	0.3	0.3	0.3	0.3	0.3	0.3	1	A
114.77	55.71	180.161	17.51	1000000	1000000	1000000	0.3	0.3	0.3	0.3	0.3	0.3	0.3	1	A
115.799	53.556	177.431	18.68	1000000	1000000	1000000	0.3	0.3	0.3	0.3	0.3	0.3	0.3	1	A
115.837	52.717	177.273	18.68	1000000	1000000	1000000	0.3	0.3	0.3	0.3	0.3	0.3	0.3	1	A
116.691	55.354	179.944	18.06	1000000	1000000	1000000	0.3	0.3	0.3	0.3	0.3	0.3	0.3	1	A
117	55.52	179.8	18.15	1000000	1000000	1000000	0.3	0.3	0.3	0.3	0.3	0.3	0.3	1	A
117.202	55.454	179.847	17.97	1000000	1000000	1000000	0.3	0.3	0.3	0.3	0.3	0.3	0.3	1	A
117.479	52	175.2	18.46	1000000	1000000	1000000	0.3	0.3	0.3	0.3	0.3	0.3	0.3	1	A
117.589	55.468	179.826	17.93	1000000	1000000	1000000	0.3	0.3	0.3	0.3	0.3	0.3	0.3	1	A
117.6	57.42	177.2	17.43	1000000	1000000	1000000	0.3	0.3	0.3	0.3	0.3	0.3	0.3	1	A
118.5	55.46	178.8	18.33	1000000	1000000	1000000	0.3	0.3	0.3	0.3	0.3	0.3	0.3	1	A
119.148	54.881	176.266	18.38	1000000	1000000	1000000	0.3	0.3	0.3	0.3	0.3	0.3	0.3	1	A
119.8	55.12	181.9	19.2	1000000	1000000	1000000	0.3	0.3	0.3	0.3	0.3	0.3	0.3	1	A
120.167	56.121	174.497	18.22	1000000	1000000	1000000	0.3	0.3	0.3	0.3	0.3	0.3	0.3	1	A
120.5	54.68	180.7	18.09	1000000	1000000	1000000	0.3	0.3	0.3	0.3	0.3	0.3	0.3	1	A
120.798	54.598	180.718	17.96	1000000	1000000	1000000	0.3	0.3	0.3	0.3	0.3	0.3	0.3	1	A
121.125	54.881	181.48	18.41	1000000	1000000	1000000	0.3	0.3	0.3	0.3	0.3	0.3	0.3	1	A
122.438	56.068	180.362	18.2	1000000	1000000	1000000	0.3	0.3	0.3	0.3	0.3	0.3	0.3	1	A
123.139	54.362	179.506	18.17	1000000	1000000	1000000	0.3	0.3	0.3	0.3	0.3	0.3	0.3	1	A
124.757	50.863	175.805	20.91	1000000	1000000	1000000	0.3	0.3	0.3	0.3	0.3	0.3	0.3	1	A
124.854	50.308	176	18.02	1000000	1000000	1000000	0.3	0.3	0.3	0.3	0.3	0.3	0.3	1	A
115.043	62.737	177.316	30.61	26.68	1000000	1000000	0.3	0.3	0.3	0.3	0.3	0.3	0.3	1	R
111.129	53.2	179.72	32.213	26.7	1000000	1000000	0.3	0.3	0.3	0.3	0.3	0.3	0.3	1	R
113.2	57.79	177.8	31.4	24.34	39.63	1000000	0.3	0.3	0.3	0.3	0.3	0.3	0.3	1	R
117.9	58.19	179.1	35.05	24.63	40.72	1000000	0.3	0.3	0.3	0.3	0.3	0.3	0.3	1	R
120.5	60.82	179	30.15	24.29	42.41	1000000	0.3	0.3	0.3	0.3	0.3	0.3	0.3	1	R
120.6	58.63	178.8	33.81	1000000	1000000	1000000	0.3	0.3	0.3	0.3	0.3	0.3	0.3	1	R
121.3	58.21	179.2	31.53	26.82	1000000	1000000	0.3	0.3	0.3	0.3	0.3	0.3	0.3	1	R
115	56.95	178.9	29.31	26.06	45.42	1000000	0.3	0.3	0.3	0.3	0.3	0.3	0.3	1	R
118.8	60.65	178.7	31.96	25.9	1000000	1000000	0.3	0.3	0.3	0.3	0.3	0.3	0.3	2	R
120.4	58.63	178.8	33.81	28.34	42.31	1000000	0.3	0.3	0.3	0.3	0.3	0.3	0.3	1	R
116.5	59.16	176.9	31	28.94	42.36	1000000	0.3	0.3	0.3	0.3	0.3	0.3	0.3	1	R
111.931	52.54	175.133	38.877	1000000	1000000	1000000	0.3	0.3	0.3	0.3	0.3	0.3	0.3	1	NDFY
113.611	51.52	177.041	38.662	1000000	1000000	1000000	0.3	0.3	0.3	0.3	0.3	0.3	0.3	1	N
113.741	51.525	177.139	40.29	178.6	1000000	1000000	0.3	0.3	0.3	0.3	0.3	0.3	0.3	1	ND
113.858	57.8	179	39.44	176.8	1000000	1000000	0.3	0.3	0.3	0.3	0.3	0.3	0.3	1	D
114.678	57.87	175.946	39.67	178.8	1000000	1000000	0.3	0.3	0.3	0.3	0.3	0.3	0.3	1	D
114.7	57.87	175.9	39.74	178.8	1000000	1000000	0.3	0.3	0.3	0.3	0.3	0.3	0.3	1	D
114.906	58.25	175.785	40.24	178.3	1000000	1000000	0.3	0.3	0.3	0.3	0.3	0.3	0.3	1	D
117.02	59.78	176.909	38.66	180	1000000	1000000	0.3	0.3	0.3	0.3	0.3	0.3	0.3	1	D
117.314	54.492	174.618	40.02	177.6	1000000	1000000	0.3	0.3	0.3	0.3	0.3	0.3	0.3	1	D
117.5	58.05	176.6	39.61	178.1	1000000	1000000	0.3	0.3	0.3	0.3	0.3	0.3	0.3	1	DN
119.6	57.71	179.3	39.28	177	1000000	1000000	0.3	0.3	0.3	0.3	0.3	0.3	0.3	1	N
121.5	58.13	176.8	41.72	179.4	1000000	1000000	0.3	0.3	0.3	0.3	0.3	0.3	0.3	1	D
122.029	52.659	175.351	39	177.8	1000000	1000000	0.3	0.3	0.3	0.3	0.3	0.3	0.3	1	N
123.2	58.17	178.2	42.54	179.4	1000000	1000000	0.3	0.3	0.3	0.3	0.3	0.3	0.3	1	DN
123.2	58.41	177	42.86	179.3	1000000	1000000	0.3	0.3	0.3	0.3	0.3	0.3	0.3	1	DN
117.3	58.14	177.1	39.25	180.1	1000000	1000000	0.3	0.3	0.3	0.3	0.3	0.3	0.3	1	DN
120.8	57.29	179	27.24	1000000	1000000	1000000	0.3	0.3	0.3	0.3	0.3	0.3	0.3	1	C
120.6	57.71	178.8	27.5	1000000	1000000	1000000	0.3	0.3	0.3	0.3	0.3	0.3	0.3	1	C
106.318	59.926	177.543	29.37	33.92	175.2	1000000	0.3	0.3	0.3	0.3	0.3	0.3	0.3	1	EQ
107.918	59.219	180.338	30.116	34.68	1000000	1000000	0.3	0.3	0.3	0.3	0.3	0.3	0.3	1	EQ
107.92	58.886	180.361	30.16	34.86	1000000	1000000	0.3	0.3	0.3	0.3	0.3	0.3	0.3	1	Q
108.95	1000000	178.635	30.03	36.24	176.2	1000000	0.3	0.3	0.3	0.3	0.3	0.3	0.3	1	EQ
108.955	60.949	177.756	29.2	33.95	1000000	1000000	0.3	0.3	0.3	0.3	0.3	0.3	0.3	1	QE
109.184	59.225	178.57	30.03	36.55	1000000	1000000	0.3	0.3	0.3	0.3	0.3	0.3	0.3	1	EQ
110.127	58.117	176.881	30.53	37.85	1000000	1000000	0.3	0.3	0.3	0.3	0.3	0.3	0.3	1	EQ
111.34	59.065	178.709	28.07	33.61	177.2	1000000	0.3	0.3	0.3	0.3	0.3	0.3	0.3	1	QE
113.327	58.972	180.104	28.83	34	1000000	1000000	0.3	0.3	0.3	0.3	0.3	0.3	0.3	1	QE
113.396	59.297	180.078	28.46	34	1000000	1000000	0.3	0.3	0.3	0.3	0.3	0.3	0.3	1	QE
113.654	58.632	179.093	30.72	1000000	175.4	1000000	0.3	0.3	0.3	0.3	0.3	0.3	0.3	1	EQ
113.655	57.551	177.75	29.66	1000000	179.4	1000000	0.3	0.3	0.3	0.3	0.3	0.3	0.3	1	EQ
114.829	58.963	178.269	28.43	33.75	179.6	1000000	0.3	0.3	0.3	0.3	0.3	0.3	0.3	1	Q
114.898	1000000	178.127	28.43	33.75	179.6	1000000	0.3	0.3	0.3	0.3	0.3	0.3	0.3	1	QE
114.9	58.97	178.3	28.08	32.04	179.8	1000000	0.3	0.3	0.3	0.3	0.3	0.3	0.3	1	QE
115.015	57.518	178.289	28.33	32.05	179.8	1000000	0.3	0.3	0.3	0.3	0.3	0.3	0.3	1	QE
116.577	60.723	177.854	29.63	35.36	180.2	1000000	0.3	0.3	0.3	0.3	0.3	0.3	0.3	1	EQ
119	58.89	178.7	28.42	34.06	1000000	1000000	0.3	0.3	0.3	0.3	0.3	0.3	0.3	1	QE
119.2	58.72	178.8	28.34	33.89	1000000	1000000	0.3	0.3	0.3	0.3	0.3	0.3	0.3	1	QE
119.8	57.62	177.6	28.84	1000000	1000000	1000000	0.3	0.3	0.3	0.3	0.3	0.3	0.3	1	QE
119.855	56.484	177.138	28.95	1000000	1000000	1000000	0.3	0.3	0.3	0.3	0.3	0.3	0.3	1	QE
120.003	58.383	177.804	27.65	32.13	180.2	1000000	0.3	0.3	0.3	0.3	0.3	0.3	0.3	1	QE
120.233	60.707	178.865	29.3	34.11	1000000	1000000	0.3	0.3	0.3	0.3	0.3	0.3	0.3	1	EQ
120.36	60.562	178.223	29.99	1000000	179.4	1000000	0.3	0.3	0.3	0.3	0.3	0.3	0.3	1	EQ
121.363	59.081	179.152	30.01	34.87	179.7	1000000	0.3	0.3	0.3	0.3	0.3	0.3	0.3	1	Q
122.1	59.22	178.1	29.43	1000000	1000000	1000000	0.3	0.3	0.3	0.3	0.3	0.3	0.3	1	EQ
122.3	60.34	180.3	30.19	1000000	1000000	1000000	0.3	0.3	0.3	0.3	0.3	0.3	0.3	1	Q
122.328	60.11	180.369	26.26	33.99	1000000	1000000	0.3	0.3	0.3	0.3	0.3	0.3	0.3	1	QE
122.351	58.861	179.722	28.42	33.92	177.1	1000000	0.3	0.3	0.3	0.3	0.3	0.3	0.3	1	QE
123.702	53.927	177.531	32.34	35.13	180.2	1000000	0.3	0.3	0.3	0.3	0.3	0.3	0.3	1	EQ
123.88	54.69	175.279	30.09	32.9	1000000	1000000	0.3	0.3	0.3	0.3	0.3	0.3	0.3	1	EQ
124.291	54.946	174.699	28.52	33.12	175.9	1000000	0.3	0.3	0.3	0.3	0.3	0.3	0.3	1	QE
124.43	55.222	174.725	28.61	37.56	176.7	1000000	0.3	0.3	0.3	0.3	0.3	0.3	0.3	1	QE
125.65	53.611	174.888	29.93	36.44	1000000	1000000	0.3	0.3	0.3	0.3	0.3	0.3	0.3	1	QE
125.681	54.354	175.036	29.93	36.44	1000000	1000000	0.3	0.3	0.3	0.3	0.3	0.3	0.3	1	QE
117.102	58.28	177.3	27.27	33.57	179.2	1000000	0.3	0.3	0.3	0.3	0.3	0.3	0.3	1	QE
113.6	43.29	171.7	1000000	1000000	1000000	1000000	0.3	0.3	0.3	0.3	0.3	0.3	0.3	1	G
114.935	45.453	178.793	1000000	1000000	1000000	1000000	0.3	0.3	0.3	0.3	0.3	0.3	0.3	1	G
116.5	43.59	171.9	1000000	1000000	1000000	1000000	0.3	0.3	0.3	0.3	0.3	0.3	0.3	1	G
117.248	45.57	172.711	1000000	1000000	1000000	1000000	0.3	0.3	0.3	0.3	0.3	0.3	0.3	1	G
118.515	43.113	174.01	1000000	1000000	1000000	1000000	0.3	0.3	0.3	0.3	0.3	0.3	0.3	1	G
119.187	43.912	178.717	1000000	1000000	1000000	1000000	0.3	0.3	0.3	0.3	0.3	0.3	0.3	1	G
119.3	43.71	178.8	1000000	1000000	1000000	1000000	0.3	0.3	0.3	0.3	0.3	0.3	0.3	1	G
119.311	44.309	178.311	1000000	1000000	1000000	1000000	0.3	0.3	0.3	0.3	0.3	0.3	0.3	1	G
121.4	47.3	177	1000000	1000000	1000000	1000000	0.3	0.3	0.3	0.3	0.3	0.3	0.3	1	G
121.419	47.325	176.969	1000000	1000000	1000000	1000000	0.3	0.3	0.3	0.3	0.3	0.3	0.3	1	G
122.9	46.43	173.4	1000000	1000000	1000000	1000000	0.3	0.3	0.3	0.3	0.3	0.3	0.3	1	G
120.4	47	176.5	1000000	1000000	1000000	1000000	0.3	0.3	0.3	0.3	0.3	0.3	0.3	1	G
116.5	43.59	171.9	1000000	1000000	1000000	1000000	0.3	0.3	0.3	0.3	0.3	0.3	0.3	1	G
116.7	59.73	176.8	28.73	114.7	1000000	1000000	0.3	0.3	0.3	0.3	0.3	0.3	0.3	1	W
119.8	56.77	177.8	28.44	110.7	1000000	1000000	0.3	0.3	0.3	0.3	0.3	0.3	0.3	1	W
127.4	55.76	175.3	32.13	1000000	1000000	1000000	0.3	0.3	0.3	0.3	0.3	0.3	0.3	1	W
130.8	56.69	169.4	1000000	114.2	136.1	1000000	0.3	0.3	0.3	0.3	0.3	0.3	0.3	1	W
130.6	57.11	169.5	1000000	114.8	135.4	1000000	0.3	0.3	0.3	0.3	0.3	0.3	0.3	1	W
118.9	58.03	179.2	28.87	1000000	111.9	1000000	0.3	0.3	0.3	0.3	0.3	0.3	0.3	1	HW
118.9	59.07	179.7	29.49	1000000	1000000	127	0.3	0.3	0.3	0.3	0.3	0.3	0.3	1	HW
117.8	59.53	179.2	29.54	1000000	1000000	1000000	0.3	0.3	0.3	0.3	0.3	0.3	0.3	1	HW
118.9	60.45	178.3	29.04	1000000	1000000	1000000	0.3	0.3	0.3	0.3	0.3	0.3	0.3	1	HW
114.8	58.78	178.7	29.04	1000000	111.4	1000000	0.3	0.3	0.3	0.3	0.3	0.3	0.3	1	HW
118.9	58.53	178.2	28.62	1000000	1000000	1000000	0.3	0.3	0.3	0.3	0.3	0.3	0.3	1	H
118.9	59.03	179.1	30.12	1000000	1000000	1000000	0.3	0.3	0.3	0.3	0.3	0.3	0.3	1	H
121.6	59.91	179.1	29.95	1000000	1000000	1000000	0.3	0.3	0.3	0.3	0.3	0.3	0.3	1	H
120.59	60.983	178.322	40.55	26.67	17.98	1000000	0.3	0.3	0.3	0.3	0.3	0.3	0.3	1	I
121.161	65.874	181.483	37.99	1000000	17.2	13.979	0.3	0.3	0.3	0.3	0.3	0.3	0.3	1	I
119.292	1000000	176.233	38.061	30.22	17.01	14.07	0.3	0.3	0.3	0.3	0.3	0.3	0.3	1	I
121.6	58.47	178	38.6	28.21	17.56	1000000	0.3	0.3	0.3	0.3	0.3	0.3	0.3	1	I
119.3	1000000	176.2	38.06	30.36	17.01	14.7	0.3	0.3	0.3	0.3	0.3	0.3	0.3	1	I
119.3	66.04	176	38.1	30.36	17.14	14.03	0.3	0.3	0.3	0.3	0.3	0.3	0.3	1	I
121.8	62.17	177.9	1000000	27.5	17.48	1000000	0.3	0.3	0.3	0.3	0.3	0.3	0.3	1	I
112.914	58.578	177.9	42.25	27.34	25.87	23.29	0.3	0.3	0.3	0.3	0.3	0.3	0.3	1	L
112.942	58.336	178.028	42.25	27.34	24.25	23.29	0.3	0.3	0.3	0.3	0.3	0.3	0.3	1	L
112.981	59.007	177.915	1000000	27.15	24.58	1000000	0.3	0.3	0.3	0.3	0.3	0.3	0.3	1	L
114.893	56.86	178.736	1000000	26.09	1000000	22.83	0.3	0.3	0.3	0.3	0.3	0.3	0.3	1	L
117.604	57.417	177.216	39.53	30.09	28.84	1000000	0.3	0.3	0.3	0.3	0.3	0.3	0.3	1	L
117.607	57.914	176.677	39.65	28.84	26.14	1000000	0.3	0.3	0.3	0.3	0.3	0.3	0.3	1	L
117.738	57.83	177.7	43.17	29.43	27.43	1000000	0.3	0.3	0.3	0.3	0.3	0.3	0.3	1	L
118.5	57.66	177.5	40.79	27.32	23.31	1000000	0.3	0.3	0.3	0.3	0.3	0.3	0.3	1	L
118.722	57.782	177.865	40.79	27.32	26.4	23.39	0.3	0.3	0.3	0.3	0.3	0.3	0.3	1	L
118.8	57.62	179	40.02	27.66	26.08	1000000	0.3	0.3	0.3	0.3	0.3	0.3	0.3	1	L
118.877	58.339	179.17	40.02	27.69	25.55	23.25	0.3	0.3	0.3	0.3	0.3	0.3	0.3	1	L
118.9	57.74	178.2	40.74	26.49	1000000	1000000	0.3	0.3	0.3	0.3	0.3	0.3	0.3	1	L
118.9	57.8	177.6	40.81	26.43	1000000	23.54	0.3	0.3	0.3	0.3	0.3	0.3	0.3	1	L
118.9	58.34	179.2	40.56	27.58	25.13	22.08	0.3	0.3	0.3	0.3	0.3	0.3	0.3	1	L
119.1	57.74	179.4	40.58	25.55	1000000	1000000	0.3	0.3	0.3	0.3	0.3	0.3	0.3	1	L
119.8	58.53	177.8	40.14	1000000	25.26	23.73	0.3	0.3	0.3	0.3	0.3	0.3	0.3	1	L
119.981	57.586	177.829	40.61	27.42	1000000	23.24	0.3	0.3	0.3	0.3	0.3	0.3	0.3	1	L
120	58.21	177.3	41.55	26.74	23.37	1000000	0.3	0.3	0.3	0.3	0.3	0.3	0.3	1	L
120.5	58.13	178.7	40.54	27.16	1000000	1000000	0.3	0.3	0.3	0.3	0.3	0.3	0.3	1	L
120.667	58.336	179.13	41.34	28.52	24.2	22.58	0.3	0.3	0.3	0.3	0.3	0.3	0.3	1	L
120.7	58.34	179.1	42.01	28.49	1000000	22.24	0.3	0.3	0.3	0.3	0.3	0.3	0.3	1	L
121.2	58.32	179.3	42.07	27.24	24.08	22.16	0.3	0.3	0.3	0.3	0.3	0.3	0.3	1	L
121.4	57.99	180.1	41.91	1000000	26.41	22.39	0.3	0.3	0.3	0.3	0.3	0.3	0.3	1	L
121.444	57.989	180.148	41.87	1000000	26.62	1000000	0.3	0.3	0.3	0.3	0.3	0.3	0.3	1	L
121.6	58.073	180.632	42.23	1000000	26.62	22.46	0.3	0.3	0.3	0.3	0.3	0.3	0.3	1	L
121.6	57.91	180.5	42.32	26.62	26.2	1000000	0.3	0.3	0.3	0.3	0.3	0.3	0.3	1	L
121.8	58.04	177	41.49	27.42	26.28	23.05	0.3	0.3	0.3	0.3	0.3	0.3	0.3	1	L
122.849	58.28	179.7	42.7	27.66	26.57	24.75	0.3	0.3	0.3	0.3	0.3	0.3	0.3	1	L
123.3	55.07	175.4	45.54	28.06	1000000	1000000	0.3	0.3	0.3	0.3	0.3	0.3	0.3	1	L
123.7	54.9	175.2	45.53	27.3	1000000	1000000	0.3	0.3	0.3	0.3	0.3	0.3	0.3	1	L
114.155	59.27	179.2	32.21	1000000	1000000	40.58	0.3	0.3	0.3	0.3	0.3	0.3	0.3	1	K
115.99	60.077	178.626	32.53	25.58	28.37	42.9	0.3	0.3	0.3	0.3	0.3	0.3	0.3	1	K
116.201	60.172	178.58	32.04	25.58	30.29	42.9	0.3	0.3	0.3	0.3	0.3	0.3	0.3	1	K
116.657	59.32	177.066	31.16	21.81	1000000	42.48	0.3	0.3	0.3	0.3	0.3	0.3	0.3	1	K
116.873	59.041	178.047	32.53	1000000	29.68	1000000	0.3	0.3	0.3	0.3	0.3	0.3	0.3	1	K
117.672	60.665	179.043	32.31	26.83	29.53	1000000	0.3	0.3	0.3	0.3	0.3	0.3	0.3	1	K
118.753	57.638	178.723	31.77	24.22	26.89	40.92	0.3	0.3	0.3	0.3	0.3	0.3	0.3	1	K
118.924	60.735	178.822	32.11	24.79	29.73	43.48	0.3	0.3	0.3	0.3	0.3	0.3	0.3	1	K
119.964	59.256	177.949	32.97	25.62	1000000	43.23	0.3	0.3	0.3	0.3	0.3	0.3	0.3	1	K
120.666	55.508	178.605	33.98	22.79	28.71	41.71	0.3	0.3	0.3	0.3	0.3	0.3	0.3	1	K
121.167	53.243	175.195	32.35	27.7	29.14	1000000	0.3	0.3	0.3	0.3	0.3	0.3	0.3	1	K
123.628	53.679	177.42	34.86	32.55	1000000	1000000	0.3	0.3	0.3	0.3	0.3	0.3	0.3	1	M
119.8	57.56	177.9	31.9	31	18.46	1000000	0.3	0.3	0.3	0.3	0.3	0.3	0.3	1	M
114.232	59.714	177.331	32.83	32.13	1000000	1000000	0.3	0.3	0.3	0.3	0.3	0.3	0.3	1	M
116.3	61.26	177	32.82	31.25	18.88	1000000	0.3	0.3	0.3	0.3	0.3	0.3	0.3	1	M
126.3	54.41	174.3	33.66	1000000	1000000	1000000	0.3	0.3	0.3	0.3	0.3	0.3	0.3	1	P
127.5	63.27	177.7	32.96	1000000	50.05	1000000	0.3	0.3	0.3	0.3	0.3	0.3	0.3	1	P
117.19	56.609	175.391	1000000	1000000	51.41	1000000	0.3	0.3	0.3	0.3	0.3	0.3	0.3	1	P
125.623	54.896	173.641	33.04	1000000	1000000	1000000	0.3	0.3	0.3	0.3	0.3	0.3	0.3	1	P
113.4	57.603	177.743	31.47	27.48	51.19	1000000	0.3	0.3	0.3	0.3	0.3	0.3	0.3	1	P
121.357	59.884	176.996	29.34	1000000	1000000	1000000	0.3	0.3	0.3	0.3	0.3	0.3	0.3	1	P
127.279	63.333	177.83	32.96	28.47	1000000	1000000	0.3	0.3	0.3	0.3	0.3	0.3	0.3	1	P
116.794	61.769	176.425	30.8	1000000	1000000	1000000	0.3	0.3	0.3	0.3	0.3	0.3	0.3	1	P
127.432	63.125	178.047	32.23	27.89	1000000	1000000	0.3	0.3	0.3	0.3	0.3	0.3	0.3	1	P
114.716	58.06	179.178	62.778	1000000	1000000	1000000	0.3	0.3	0.3	0.3	0.3	0.3	0.3	1	S
115.108	58.542	177.125	66.23	1000000	1000000	1000000	0.3	0.3	0.3	0.3	0.3	0.3	0.3	1	S
116.838	58.31	174.556	62.07	1000000	1000000	1000000	0.3	0.3	0.3	0.3	0.3	0.3	0.3	1	S
116.855	57.13	174.511	64.94	1000000	1000000	1000000	0.3	0.3	0.3	0.3	0.3	0.3	0.3	1	S
116.934	58.029	174.3	62.58	1000000	1000000	1000000	0.3	0.3	0.3	0.3	0.3	0.3	0.3	1	S
117.018	58.11	174.576	62.19	1000000	1000000	1000000	0.3	0.3	0.3	0.3	0.3	0.3	0.3	1	S
117.07	58.766	174.428	62.19	1000000	1000000	1000000	0.3	0.3	0.3	0.3	0.3	0.3	0.3	1	S
118.207	61.56	175.858	62.993	1000000	1000000	1000000	0.3	0.3	0.3	0.3	0.3	0.3	0.3	1	S
119.215	55.11	178.838	63.361	1000000	1000000	1000000	0.3	0.3	0.3	0.3	0.3	0.3	0.3	1	S
121.975	55.65	177.44	62.2	1000000	1000000	1000000	0.3	0.3	0.3	0.3	0.3	0.3	0.3	1	S
122.661	58.25	177.408	62.78	1000000	1000000	1000000	0.3	0.3	0.3	0.3	0.3	0.3	0.3	1	S
123.6	61.88	177	63.4	1000000	1000000	1000000	0.3	0.3	0.3	0.3	0.3	0.3	0.3	1	S
123.613	57.92	177.002	62.86	1000000	1000000	1000000	0.3	0.3	0.3	0.3	0.3	0.3	0.3	1	S
114.894	59.449	179.483	68.19	22.43	1000000	1000000	0.3	0.3	0.3	0.3	0.3	0.3	0.3	1	T
115.77	60.13	178.975	67.205	1000000	1000000	1000000	0.3	0.3	0.3	0.3	0.3	0.3	0.3	1	T
116.897	59.36	179.905	66.569	1000000	1000000	1000000	0.3	0.3	0.3	0.3	0.3	0.3	0.3	1	T
118.481	66.501	174.913	69.01	22.02	1000000	1000000	0.3	0.3	0.3	0.3	0.3	0.3	0.3	1	T
118.685	66.53	174.826	68.933	21.95	1000000	1000000	0.3	0.3	0.3	0.3	0.3	0.3	0.3	1	T
118.876	66.62	174.68	68.24	1000000	1000000	1000000	0.3	0.3	0.3	0.3	0.3	0.3	0.3	1	T
118.974	63.83	175.595	68.382	22.41	1000000	1000000	0.3	0.3	0.3	0.3	0.3	0.3	0.3	1	T
119.235	59.81	176.266	65.921	1000000	1000000	1000000	0.3	0.3	0.3	0.3	0.3	0.3	0.3	1	T
120.182	60.99	174.477	70.48	22.02	1000000	1000000	0.3	0.3	0.3	0.3	0.3	0.3	0.3	1	T
118.205	60.63	178.983	65.296	1000000	1000000	1000000	0.3	0.3	0.3	0.3	0.3	0.3	0.3	1	T
109	61.88	177.9	70.59	22.13	1000000	1000000	0.3	0.3	0.3	0.3	0.3	0.3	0.3	1	T
117.5	61.143	179.735	31.64	1000000	21.97	1000000	0.3	0.3	0.3	0.3	0.3	0.3	0.3	1	V
118.2	56.87	179.1	31	24.72	21.94	1000000	0.3	0.3	0.3	0.3	0.3	0.3	0.3	1	V
120.4	66.71	178.9	31.7	24.16	21.94	1000000	0.3	0.3	0.3	0.3	0.3	0.3	0.3	1	V
120.5	1000000	178.8	33.87	24.16	21.98	1000000	0.3	0.3	0.3	0.3	0.3	0.3	0.3	1	V
121.488	59.848	180.074	32.55	22.62	21.12	1000000	0.3	0.3	0.3	0.3	0.3	0.3	0.3	1	V
121.688	66.915	177.577	31.76	23.89	22.25	1000000	0.3	0.3	0.3	0.3	0.3	0.3	0.3	1	V
124.941	60.488	174.519	28.74	1000000	21.28	1000000	0.3	0.3	0.3	0.3	0.3	0.3	0.3	1	V
126.7	54.11	175.4	1000000	118.5	1000000	1000000	0.3	0.3	0.3	0.3	0.3	0.3	0.3	1	FY
117.142	60.455	176.954	38.83	1000000	1000000	1000000	0.3	0.3	0.3	0.3	0.3	0.3	0.3	1	FY
118.02	57.536	179.731	1000000	1000000	1000000	1000000	0.3	0.3	0.3	0.3	0.3	0.3	0.3	1	FY
117.278	60.45	176.762	36.83	1000000	1000000	1000000	0.3	0.3	0.3	0.3	0.3	0.3	0.3	1	FY
114.526	58.915	177.159	1000000	1000000	1000000	1000000	0.3	0.3	0.3	0.3	0.3	0.3	0.3	1	FY
113.076	59.206	177.888	41.22	1000000	1000000	1000000	0.3	0.3	0.3	0.3	0.3	0.3	0.3	1	FY
113.752	55.408	176.622	40.55	1000000	1000000	1000000	0.3	0.3	0.3	0.3	0.3	0.3	0.3	1	FY
118.58	57.032	177.693	40.79	1000000	1000000	1000000	0.3	0.3	0.3	0.3	0.3	0.3	0.3	1	FY
113.3	28.5	177.9	1000000	1000000	1000000	1000000	0.3	0.3	0.3	0.3	0.3	0.3	0.3	1	R
113.2	27.9	177.8	1000000	1000000	1000000	1000000	0.3	0.3	0.3	0.3	0.3	0.3	0.3	1	R
120	41.52	177.7	1000000	1000000	1000000	1000000	0.3	0.3	0.3	0.3	0.3	0.3	0.3	1	R
120	40.99	177.7	1000000	1000000	1000000	1000000	0.3	0.3	0.3	0.3	0.3	0.3	0.3	1	R
120	39.74	177.7	1000000	1000000	1000000	1000000	0.3	0.3	0.3	0.3	0.3	0.3	0.3	1	R
120.1	39.36	177.7	1000000	1000000	1000000	1000000	0.3	0.3	0.3	0.3	0.3	0.3	0.3	1	R
118.9	29.12	178.9	1000000	1000000	1000000	1000000	0.3	0.3	0.3	0.3	0.3	0.3	0.3	1	R
118.8	30.74	178.9	1000000	1000000	1000000	1000000	0.3	0.3	0.3	0.3	0.3	0.3	0.3	1	R
118.7	39.77	178.7	1000000	1000000	1000000	1000000	0.3	0.3	0.3	0.3	0.3	0.3	0.3	1	R
119.3	41.08	179.2	1000000	1000000	1000000	1000000	0.3	0.3	0.3	0.3	0.3	0.3	0.3	1	R
119.4	39.45	179.5	1000000	1000000	1000000	1000000	0.3	0.3	0.3	0.3	0.3	0.3	0.3	1	R
119.3	39.06	179.5	1000000	1000000	1000000	1000000	0.3	0.3	0.3	0.3	0.3	0.3	0.3	1	R
118.9	31.28	179	1000000	1000000	1000000	1000000	0.3	0.3	0.3	0.3	0.3	0.3	0.3	1	R
121	62.2	179.2	1000000	1000000	1000000	1000000	0.3	0.3	0.3	0.3	0.3	0.3	0.3	1	R
120.9	61.33	179.1	1000000	1000000	1000000	1000000	0.3	0.3	0.3	0.3	0.3	0.3	0.3	1	R
121.1	55.16	179.3	1000000	1000000	1000000	1000000	0.3	0.3	0.3	0.3	0.3	0.3	0.3	1	R
120.9	55.42	178.5	1000000	1000000	1000000	1000000	0.3	0.3	0.3	0.3	0.3	0.3	0.3	1	R
121.2	62.07	179.9	1000000	1000000	1000000	1000000	0.3	0.3	0.3	0.3	0.3	0.3	0.3	1	R
121.2	62.19	179.7	1000000	1000000	1000000	1000000	0.3	0.3	0.3	0.3	0.3	0.3	0.3	1	R
121	62.2	179.2	1000000	1000000	1000000	1000000	0.3	0.3	0.3	0.3	0.3	0.3	0.3	1	R
121.9	63.31	178.6	1000000	1000000	1000000	1000000	0.3	0.3	0.3	0.3	0.3	0.3	0.3	1	R
121.9	59.2	176.9	1000000	1000000	1000000	1000000	0.3	0.3	0.3	0.3	0.3	0.3	0.3	1	R
123.2	29.23	179.5	1000000	1000000	1000000	1000000	0.3	0.3	0.3	0.3	0.3	0.3	0.3	1	R
123.3	51.67	175	1000000	1000000	1000000	1000000	0.3	0.3	0.3	0.3	0.3	0.3	0.3	1	R
123.2	28.77	179.6	1000000	1000000	1000000	1000000	0.3	0.3	0.3	0.3	0.3	0.3	0.3	1	R
123.4	51.98	174.8	1000000	1000000	1000000	1000000	0.3	0.3	0.3	0.3	0.3	0.3	0.3	1	R
120.3	24.38	178.7	1000000	1000000	1000000	1000000	0.3	0.3	0.3	0.3	0.3	0.3	0.3	1	R
116.9	62.21	176.7	1000000	1000000	1000000	1000000	0.3	0.3	0.3	0.3	0.3	0.3	0.3	1	R
117	62.78	176.9	1000000	1000000	1000000	1000000	0.3	0.3	0.3	0.3	0.3	0.3	0.3	1	R
117	63.14	176.9	1000000	1000000	1000000	1000000	0.3	0.3	0.3	0.3	0.3	0.3	0.3	1	R
117	63.45	177	1000000	1000000	1000000	1000000	0.3	0.3	0.3	0.3	0.3	0.3	0.3	1	R
116.7	59.33	179.9	1000000	1000000	1000000	1000000	0.3	0.3	0.3	0.3	0.3	0.3	0.3	1	R
120.95	54.368	178.113	17.98	1000000	1000000	1000000	0.3	0.3	0.3	0.3	0.3	0.3	0.3	1	A
113.008	53.115	174.501	18.332	1000000	1000000	1000000	0.3	0.3	0.3	0.3	0.3	0.3	0.3	1	A
119.212	57.532	179.32	34.609	1000000	1000000	1000000	0.3	0.3	0.3	0.3	0.3	0.3	0.3	1	R
119.981	57.586	177.829	34.818	1000000	1000000	1000000	0.3	0.3	0.3	0.3	0.3	0.3	0.3	1	R
122.109	51.312	175.275	38.998	1000000	1000000	1000000	0.3	0.3	0.3	0.3	0.3	0.3	0.3	1	R
121.76	58.04	177.046	42.416	1000000	1000000	1000000	0.3	0.3	0.3	0.3	0.3	0.3	0.3	1	D
122.109	51.312	175.275	38.998	1000000	1000000	1000000	0.3	0.3	0.3	0.3	0.3	0.3	0.3	1	D
119.902	53.356	177.161	1000000	1000000	1000000	1000000	0.3	0.3	0.3	0.3	0.3	0.3	0.3	1	C
109.035	60.644	177.837	29.199	1000000	1000000	1000000	0.3	0.3	0.3	0.3	0.3	0.3	0.3	1	D
113.198	60.096	177.628	29.302	1000000	1000000	1000000	0.3	0.3	0.3	0.3	0.3	0.3	0.3	1	D
113.752	55.408	177.622	28.963	1000000	1000000	1000000	0.3	0.3	0.3	0.3	0.3	0.3	0.3	1	D
119.148	54.881	176.266	30.335	1000000	1000000	1000000	0.3	0.3	0.3	0.3	0.3	0.3	0.3	1	D
113.397	45.943	170.039	1000000	1000000	1000000	1000000	0.3	0.3	0.3	0.3	0.3	0.3	0.3	1	G
103.945	44.638	177.239	1000000	1000000	1000000	1000000	0.3	0.3	0.3	0.3	0.3	0.3	0.3	1	G
125.344	44.974	176.508	1000000	1000000	1000000	1000000	0.3	0.3	0.3	0.3	0.3	0.3	0.3	1	G
125.645	45.439	176.804	1000000	1000000	1000000	1000000	0.3	0.3	0.3	0.3	0.3	0.3	0.3	1	G
114.898	30.25	178.127	1000000	1000000	1000000	1000000	0.3	0.3	0.3	0.3	0.3	0.3	0.3	1	H
114.898	59.846	178.127	1000000	1000000	1000000	1000000	0.3	0.3	0.3	0.3	0.3	0.3	0.3	2	H
117.177	63.98	177.041	38.657	28.77	1000000	1000000	0.3	0.3	0.3	0.3	0.3	0.3	0.3	1	I
118.877	58.339	179.17	42.687	1000000	1000000	1000000	0.3	0.3	0.3	0.3	0.3	0.3	0.3	1	L
122.849	58.192	179.515	42.702	1000000	1000000	1000000	0.3	0.3	0.3	0.3	0.3	0.3	0.3	1	L
108.95	59.242	178.635	1000000	1000000	1000000	1000000	0.3	0.3	0.3	0.3	0.3	0.3	0.3	2	EQ
108.95	35.61	178.635	1000000	1000000	1000000	1000000	0.3	0.3	0.3	0.3	0.3	0.3	0.3	1	K
119.487	55.135	178.158	63.417	1000000	1000000	1000000	0.3	0.3	0.3	0.3	0.3	0.3	0.3	1	S
114.382	57.883	179.238	61.744	1000000	1000000	1000000	0.3	0.3	0.3	0.3	0.3	0.3	0.3	1	S
